coef: 0.5462966609194668
intercept: -0.019933627862755987
