ex_ante_severity: 12.278108108108109
gamma: 0.3499830280774722
