dist_family: GeneralizedPareto
max_severity: 170.8215448673464
min_severity: 0.01
min_severity_exceed_prob: 0.15
params:
  k: 2.7043039914321647
  sigma: 1.6392676603084397
  theta: 0.01
