dist_family: GeneralizedPareto
max_severity: 170.8215448673464
min_severity: 0.01
min_severity_exceed_prob: 0.1
params:
  k: 1.4378895676866117
  sigma: 5.690403254415927
  theta: 0.01
