dist_family: GeneralizedPareto
max_severity: 280.0
min_severity: 0.01
min_severity_exceed_prob: 0.1
dist_params:
  k: 1.4922657458876962
  sigma: 2.388662322553925
  theta: 0.01
