dist_family: Lognormal
max_duration: 44.0
params:
  mu: 1.3495928734363152
  sigma: 1.125696848123989
