ex_ante_severity: 44.63524911506858
gamma: 0.6145944121754079
