ex_ante_severity: 12.27810810810811
gamma: 0.38025000502374035
